MEMORY
  total           14518 KB
  struct            159 KB
  buffer             23 KB
  arena           14336 KB, used 0.2%

SIZES
  narena                14680064
  nbuffer               23920
  nplugin               0
  maxuse_stack          3768
  maxuse_arena          33096
  maxuse_con            4
  maxuse_efc            18
  ncon                  4
  ne                    0
  nf                    0
  nl                    0
  nefc                  16
  nJ                    176
  nA                    0
  nisland               1
  nidof                 11
  ntree_awake           1
  nbody_awake           17
  nparent_awake         16
  nv_awake              11
  flg_energypos         1
  flg_energyvel         1
  flg_subtreevel        0
  flg_rnepost           0
  threadpool            0

TIMER
    0:  duration =  0.18       number = 1
    1:  duration =  0.18       number = 4
    2:  duration =  0          number = 0
    3:  duration =  0.12       number = 4
    4:  duration =  0.021      number = 4
    5:  duration =  0.002      number = 4
    6:  duration =  0.024      number = 4
    7:  duration =  0          number = 0
    8:  duration =  0.012      number = 4
    9:  duration =  0.0054     number = 4
    10:  duration =  0.086      number = 4
    11:  duration =  0.019      number = 4
    12:  duration =  0.0002     number = 4
    13:  duration =  0.011      number = 4
    14:  duration =  0.073      number = 4

SOLVER STAT
  solver_fwdinv =   0         0       
  ISLAND 0
    solver_niter = 1
    solver_nnz = 121
      0:  improvement =  1.9         gradient =  7e-16       lineslope =  2.3e-18 
          nactive = 12   nchange = 0   neval = 2   nupdate = 0

ENERGY =  -6.1e+05   3.3     

TIME =  21      

QPOS
   63      
   45      
   55      
   0.94    
  -0.11    
   0.14    
   0.28    
   0.28    
  -0.14    
  -0.48    
  -0.0035  
   0.13    

QVEL
   3.7     
   2.3     
  -1.1     
   0.045   
  -0.4     
  -1.5     
  -11      
  -8.2     
   12      
  -6       
   11      

QACC_WARMSTART
   14      
   24      
   54      
   2e+02   
   3.9e+02 
  -8.4     
  -4.3e+02 
  -2.5e+02 
   97      
  -3.5e+02 
  -4.2e+03 

CTRL
   0.073   
  -0.21    
  -0.27    
  -0.061   
   0.4     

QFRC_APPLIED
   0       
   0       
   0       
   0       
   0       
   0       
   0       
   0       
   0       
   0       
   0       

XFRC_APPLIED
   0         0         0         0         0         0       
   0         0         0         0         0         0       
   0         0         0         0         0         0       
   0         0         0         0         0         0       
   0         0         0         0         0         0       
   0         0         0         0         0         0       
   0         0         0         0         0         0       
   0         0         0         0         0         0       
   0         0         0         0         0         0       
   0         0         0         0         0         0       
   0         0         0         0         0         0       
   0         0         0         0         0         0       
   0         0         0         0         0         0       
   0         0         0         0         0         0       
   0         0         0         0         0         0       
   0         0         0         0         0         0       
   0         0         0         0         0         0       

MOCAP_POS
   64        45        54      
   64        45        54      
   64        46        53      
   65        46        53      
   65        46        53      
   66        47        53      
   0         0        -10      

MOCAP_QUAT
   1         0         0         0       
   1         0         0         0       
   1         0         0         0       
   1         0         0         0       
   1         0         0         0       
   1         0         0         0       
   1         0         0         0       

QACC
   14      
   24      
   54      
   2e+02   
   3.9e+02 
  -8.4     
  -4.3e+02 
  -2.5e+02 
   97      
  -3.5e+02 
  -4.2e+03 

TREE_ASLEEP
  -11

XPOS
   0         0         0       
   64        45        54      
   64        45        54      
   64        46        53      
   65        46        53      
   65        46        53      
   66        47        53      
   0         0        -10      
   63        45        55      
   63        45        55      
   63        45        55      
   63        45        55      
   63        45        55      
   63        45        55      
   63        45        55      
   63        45        55      
   63        45        55      

XQUAT
   1         0         0         0       
   1         0         0         0       
   1         0         0         0       
   1         0         0         0       
   1         0         0         0       
   1         0         0         0       
   1         0         0         0       
   1         0         0         0       
   0.94     -0.11      0.14      0.28    
   0.95      0.02      0.18      0.26    
   0.96      0.038     0.11      0.26    
   0.96      0.038     0.11      0.26    
   0.89     -0.33      0.068     0.31    
   0.89     -0.33      0.067     0.31    
   0.89     -0.33      0.067     0.31    
   0.93     -0.13      0.2       0.28    
   0.93     -0.13      0.2       0.28    

XMAT
   1         0         0         0         1         0         0         0         1       
   1         0         0         0         1         0         0         0         1       
   1         0         0         0         1         0         0         0         1       
   1         0         0         0         1         0         0         0         1       
   1         0         0         0         1         0         0         0         1       
   1         0         0         0         1         0         0         0         1       
   1         0         0         0         1         0         0         0         1       
   1         0         0         0         1         0         0         0         1       
   0.8      -0.56      0.2       0.5       0.81      0.29     -0.33     -0.13      0.94    
   0.8      -0.49      0.35      0.5       0.86      0.055    -0.33      0.13      0.94    
   0.84     -0.49      0.24      0.5       0.86     -0.014    -0.2       0.13      0.97    
   0.84     -0.49      0.24      0.5       0.86     -0.014    -0.2       0.13      0.97    
   0.8      -0.59     -0.084     0.5       0.59      0.64     -0.33     -0.55      0.77    
   0.8      -0.59     -0.087     0.5       0.59      0.63     -0.32     -0.55      0.77    
   0.8      -0.59     -0.087     0.5       0.59      0.63     -0.32     -0.55      0.77    
   0.77     -0.56      0.3       0.46      0.81      0.35     -0.45     -0.13      0.89    
   0.77     -0.56      0.3       0.46      0.81      0.35     -0.45     -0.13      0.89    

XIPOS
   0         0         0       
   64        45        54      
   64        45        54      
   64        46        53      
   65        46        53      
   65        46        53      
   66        47        53      
   0         0        -10      
   63        45        55      
   63        45        55      
   63        45        55      
   63        45        55      
   63        45        55      
   63        45        55      
   64        45        55      
   63        45        55      
   63        45        55      

XIMAT
   1         0         0         0         1         0         0         0         1       
   1         0         0         0         1         0         0         0         1       
   1         0         0         0         1         0         0         0         1       
   1         0         0         0         1         0         0         0         1       
   1         0         0         0         1         0         0         0         1       
   1         0         0         0         1         0         0         0         1       
   1         0         0         0         1         0         0         0         1       
   1         0         0         0         1         0         0         0         1       
   0.2       0.56      0.8       0.29     -0.81      0.5       0.94      0.13     -0.33    
   0.8      -0.49      0.35      0.5       0.86      0.055    -0.33      0.13      0.94    
   0.84      0.24      0.49      0.5      -0.014    -0.86     -0.2       0.97     -0.13    
   0.84     -0.49      0.24      0.5       0.86     -0.014    -0.2       0.13      0.97    
   0.8      -0.59     -0.084     0.5       0.59      0.64     -0.33     -0.55      0.77    
   0.8      -0.087     0.59      0.5       0.63     -0.59     -0.32      0.77      0.55    
   0.8      -0.59     -0.087     0.5       0.59      0.63     -0.32     -0.55      0.77    
   0.77      0.3       0.56      0.46      0.35     -0.81     -0.45      0.89      0.13    
   0.77     -0.56      0.3       0.46      0.81      0.35     -0.45     -0.13      0.89    

XANCHOR
   63        45        55      
   63        45        55      
   63        45        55      
   63        45        55      
   63        45        55      
   63        45        55      

XAXIS
   0         0         1       
   0.8       0.5      -0.33    
  -0.49      0.86      0.13    
   0.8       0.5      -0.33    
  -0.59      0.59     -0.55    
  -0.56      0.81     -0.13    

GEOM_XPOS
   64        45        54      
   64        45        54      
   64        46        53      
   65        46        53      
   65        46        53      
   66        47        53      
   0         0        -10      
   63        45        55      
   63        45        55      
   63        45        55      
   63        45        55      
   63        45        55      
   63        45        55      
   63        45        55      
   63        45        55      
   63        45        55      
   63        45        55      
   63        45        55      
   63        45        55      
   64        45        55      
   63        45        55      
   63        45        55      

GEOM_XMAT
   1         0         0         0         1         0         0         0         1       
   1         0         0         0         1         0         0         0         1       
   1         0         0         0         1         0         0         0         1       
   1         0         0         0         1         0         0         0         1       
   1         0         0         0         1         0         0         0         1       
   1         0         0         0         1         0         0         0         1       
   1         0         0         0         1         0         0         0         1       
   0.8      -0.56      0.2       0.5       0.81      0.29     -0.33     -0.13      0.94    
   0.8      -0.56      0.2       0.5       0.81      0.29     -0.33     -0.13      0.94    
   0.8      -0.56      0.2       0.5       0.81      0.29     -0.33     -0.13      0.94    
   0.8      -0.56      0.2       0.5       0.81      0.29     -0.33     -0.13      0.94    
   0.8      -0.56      0.2       0.5       0.81      0.29     -0.33     -0.13      0.94    
   0.8      -0.56      0.2       0.5       0.81      0.29     -0.33     -0.13      0.94    
  -0.2      -0.56      0.8      -0.29      0.81      0.5      -0.94     -0.13     -0.33    
   0.8      -0.49      0.35      0.5       0.86      0.055    -0.33      0.13      0.94    
   0.84      0.24      0.49      0.5      -0.014    -0.86     -0.2       0.97     -0.13    
   0.84     -0.49      0.24      0.5       0.86     -0.014    -0.2       0.13      0.97    
   0.8      -0.59     -0.084     0.5       0.59      0.64     -0.33     -0.55      0.77    
   0.8      -0.087     0.59      0.5       0.63     -0.59     -0.32      0.77      0.55    
   0.8      -0.59     -0.087     0.5       0.59      0.63     -0.32     -0.55      0.77    
   0.77      0.3       0.56      0.46      0.35     -0.81     -0.45      0.89      0.13    
   0.77     -0.56      0.3       0.46      0.81      0.35     -0.45     -0.13      0.89    

LIGHT_XPOS
   0         0         1e+02   

LIGHT_XDIR
   0         0        -1       

SUBTREE_COM
   0.26      0.18     -9.7     
   64        45        54      
   64        45        54      
   64        46        53      
   65        46        53      
   65        46        53      
   66        47        53      
   0         0        -10      
   63        45        55      
   63        45        55      
   63        45        55      
   63        45        55      
   64        45        55      
   64        45        55      
   64        45        55      
   63        45        55      
   63        45        55      

CDOF
   0         0         0         1         0         0       
   0         0         0         0         1         0       
   0         0         0         0         0         1       
   0.8       0.5      -0.33      0.0069   -0.0093    0.0027  
  -0.56      0.81     -0.13     -0.0067   -0.018    -0.08    
   0.2       0.29      0.94     -0.047     0.065    -0.01    
   0.8       0.5      -0.33      0.003    -0.015    -0.016   
  -0.49      0.86      0.13     -0.015     0.0038   -0.081   
   0.8       0.5      -0.33      0.011    -0.0036    0.021   
  -0.59      0.59     -0.55      0.023    -0.041    -0.069   
  -0.56      0.81     -0.13     -0.082    -0.13     -0.43    

CINERT
   0         0         0         0         0         0         0         0         0         0       
   0.017     0.017     0.017     0         0         0         0         0         0         4.2     
   0.017     0.017     0.017     0         0         0         0         0         0         4.2     
   0.017     0.017     0.017     0         0         0         0         0         0         4.2     
   0.017     0.017     0.017     0         0         0         0         0         0         4.2     
   0.017     0.017     0.017     0         0         0         0         0         0         4.2     
   0.017     0.017     0.017     0         0         0         0         0         0         4.2     
   4.3e+04   8.6e+03   3.4e+04   0         0         0         0         0         0         6.4e+03 
   0.00083   0.0016    0.0017   -0.00071   0.00056   0.00033   0.0063    0.0031   -0.0056    0.26    
   1e-07     6.2e-07   6.9e-07  -2.3e-07   1e-07     3.8e-08  -7.8e-06  -2.9e-06   1.3e-06   0.0001  
   9.2e-08   6.4e-07   7e-07    -2.1e-07   1e-07     3.6e-08  -7.9e-06  -2.7e-06   1.3e-06   0.0001  
   0.00085   0.00089   0.0016    0.00076   0.00019  -0.00018  -0.0039    0.0035    0.00088   0.02    
   4.1e-07   3.4e-07   6.8e-07  -3.4e-07   1e-07     1.1e-07  -5.6e-06  -6.1e-06   1.8e-06   0.0001  
   4.3e-07   3.3e-07   6.8e-07  -3.4e-07   1.1e-07   1.2e-07  -5.4e-06  -6.2e-06   2e-06     0.0001  
   0.0014    0.00078   0.0012    0.0004   -0.00032   0.00068   0.0017   -0.004     0.003     0.02    
   7.4e-06   1.5e-05   1.9e-05  -8.6e-06   5.1e-06   3.2e-06  -3.7e-05  -2.3e-05   1.4e-05   0.0001  
   0.0011    0.0022    0.0027   -0.0012    0.00078   0.0005   -0.0041   -0.0026    0.0017    0.009   

ACTUATOR_LENGTH
   0.28    
  -0.14    
  -0.48    
  -0.0033  
   0.13    

actuator_moment
-------------
       x     |
        x    |
         x   |
          x  |
           x |
-------------

ACTUATOR_MOMENT
     6:  1       
     7:  1       
     8:  1       
     9:  1       
    10:  1       

CRB
   0         0         0         0         0         0         0         0         0         0       
   0.017     0.017     0.017     0         0         0         0         0         0         4.2     
   0.017     0.017     0.017     0         0         0         0         0         0         4.2     
   0.017     0.017     0.017     0         0         0         0         0         0         4.2     
   0.017     0.017     0.017     0         0         0         0         0         0         4.2     
   0.017     0.017     0.017     0         0         0         0         0         0         4.2     
   0.017     0.017     0.017     0         0         0         0         0         0         4.2     
   4.3e+04   8.6e+03   3.4e+04   0         0         0         0         0         0         6.4e+03 
   0.0042    0.0055    0.0072   -0.00071   0.0012    0.0013    1.7e-15   2e-15    -2.7e-15   0.31    
   0.00085   0.00089   0.0017    0.00076   0.00019  -0.00018  -0.0039    0.0035    0.00088   0.02    
   0.00085   0.00089   0.0016    0.00076   0.00019  -0.00018  -0.0039    0.0035    0.00088   0.02    
   0.00085   0.00089   0.0016    0.00076   0.00019  -0.00018  -0.0039    0.0035    0.00088   0.02    
   0.0014    0.00078   0.0012    0.0004   -0.00032   0.00068   0.0017   -0.004     0.003     0.02    
   0.0014    0.00078   0.0012    0.0004   -0.00032   0.00068   0.0017   -0.004     0.003     0.02    
   0.0014    0.00078   0.0012    0.0004   -0.00032   0.00068   0.0017   -0.004     0.003     0.02    
   0.0011    0.0022    0.0027   -0.0012    0.00078   0.0005   -0.0041   -0.0026    0.0017    0.0091  
   0.0011    0.0022    0.0027   -0.0012    0.00078   0.0005   -0.0041   -0.0026    0.0017    0.009   

QM
   0.31    
   0         0.31    
   0         0         0.31    
   0.0021   -0.0029    0.00082   0.0032  
  -0.0021   -0.0055   -0.025     1.8e-06   0.0077  
  -0.014     0.02     -0.0032    6.1e-05   0.00021   0.01    
   0.0017    0.00026   0.0045    0.0015    1.9e-06  -6.7e-06   0.0014  
   2.3e-18  -5.5e-18   4.5e-17   1.1e-17   5e-05     1.4e-05   1e-17     5.2e-05 
   0.0004   -0.003    -0.0037    0.0014   -7.8e-08  -1.5e-07                       0.0014  
  -1.4e-17   3e-17     4.8e-17  -1.5e-17   4.6e-05  -2.4e-05                      -1.4e-17   5.2e-05 
   0.00031   0.00036   0.0009   -3e-18     0.00052   4.5e-19                                           0.00014 

M
     0:  0.31    
     0:  0          1:  0.31    
     0:  0          1:  0          2:  0.31    
     0:  0.0021     1: -0.0029     2:  0.00082    3:  0.0032  
     0: -0.0021     1: -0.0055     2: -0.025      3:  1.8e-06    4:  0.0077  
     0: -0.014      1:  0.02       2: -0.0032     3:  6.1e-05    4:  0.00021    5:  0.01    
     0:  0.0017     1:  0.00026    2:  0.0045     3:  0.0015     4:  1.9e-06    5: -6.7e-06    6:  0.0014  
     0:  2.3e-18    1: -5.5e-18    2:  4.5e-17    3:  1.1e-17    4:  5e-05      5:  1.4e-05    6:  1e-17      7:  5.2e-05 
     0:  0.0004     1: -0.003      2: -0.0037     3:  0.0014     4: -7.8e-08    5: -1.5e-07    8:  0.0014  
     0: -1.4e-17    1:  3e-17      2:  4.8e-17    3: -1.5e-17    4:  4.6e-05    5: -2.4e-05    8: -1.4e-17    9:  5.2e-05 
     0:  0.00031    1:  0.00036    2:  0.0009     3: -3e-18      4:  0.00052    5:  4.5e-19   10:  0.00014 

QLD
     0:  0.28    
     0:  0.074      1:  0.24    
     0: -0.18       1: -0.29       2:  0.14    
     0:  0.23       1: -0.5        2: -0.25       3:  0.00016 
     0: -0.51       1: -1.3        2: -4.9        3: -0.00028    4:  0.0057  
     0: -1.4        1:  2          2: -0.32       3:  0.0067     4:  0.022      5:  0.01    
     0:  1.2        1:  0.19       2:  3.3        3:  1.1        4:  0.0014     5: -0.0049     6:  0.0014  
     0:  4.4e-14    1: -1.1e-13    2:  8.7e-13    3:  2.1e-13    4:  0.96       5:  0.28       6:  2e-13      7:  5.2e-05 
     0:  0.3        1: -2.2        2: -2.7        3:  1.1        4: -5.7e-05    5: -0.00011    8:  0.0014  
     0: -2.8e-13    1:  5.8e-13    2:  9.3e-13    3: -2.8e-13    4:  0.89       5: -0.46       8: -2.6e-13    9:  5.2e-05 
     0:  2.2        1:  2.6        2:  6.5        3: -2.1e-14    4:  3.7        5:  3.2e-15   10:  0.00014 

QLDIAGINV
   3.6     
   4.2     
   7.2     
   6.3e+03 
   1.8e+02 
   99      
   7.3e+02 
   1.9e+04 
   7.3e+02 
   1.9e+04 
   7.2e+03 

M: inertia structure
-------------
 x           |
 xx          |
 xxx         |
 xxxx        |
 xxxxx       |
 xxxxxx      |
 xxxxxxx     |
 xxxxxxxx    |
 xxxxxx  x   |
 xxxxxx  xx  |
 xxxxxx    x |
-------------

iM: block-diagonal inertia (nnzs are island ids)
-------------
 0           |
 00          |
 000         |
 0000        |
 00000       |
 000000      |
 0000000     |
 00000000    |
 000000  0   |
 000000  00  |
 000000    0 |
-------------

TREE_AWAKE
  1

BODY_AWAKE
  -1 1 1 1 1 1 1 1 1 1 1 1 1 1 1 1 1

BODY_AWAKE_IND
  0 1 2 3 4 5 6 7 8 9 10 11 12 13 14 15 16

PARENT_AWAKE_IND
  1 2 3 4 5 6 7 8 9 10 11 12 13 14 15 16

DOF_AWAKE_IND
  0 1 2 3 4 5 6 7 8 9 10

CONTACT
  0:
     dim           3
     geoms         fuselagem : 15
     exclude       0
     efc_address   0
     solref         0.02      1       
     solimp         0.9       0.95      0.001     0.5       2       
     dist          -0.0041  
     includemargin  0       
     pos            63        45        55      
     frame         -0.74      0.66      0.095     0.071    -0.063     1         0.67      0.75      1.4e-17 
     friction       1         1         0.005     0.0001    0.0001  
     mu             1       
     force          16       -5.6      -0.48      0         0         0       
  1:
     dim           3
     geoms         fuselagem : wing_l
     exclude       0
     efc_address   4
     solref         0.02      1       
     solimp         0.9       0.95      0.001     0.5       2       
     dist          -2e-05   
     includemargin  0       
     pos            63        45        55      
     frame         -0.69      0.71      0.14      0.094    -0.097     0.99      0.72      0.69     -1.4e-17 
     friction       1         1         0.005     0.0001    0.0001  
     mu             1       
     force          0.65     -0.65      0         0         0         0       
  2:
     dim           3
     geoms         fuselagem : 18
     exclude       0
     efc_address   8
     solref         0.02      1       
     solimp         0.9       0.95      0.001     0.5       2       
     dist          -0.0045  
     includemargin  0       
     pos            63        45        55      
     frame          0.33     -0.85      0.41     -0.15      0.38      0.91     -0.93     -0.36     -1.4e-17 
     friction       1         1         0.005     0.0001    0.0001  
     mu             1       
     force          17       -4.7      -0.71      0         0         0       
  3:
     dim           3
     geoms         fuselagem : wing_r
     exclude       0
     efc_address   12
     solref         0.02      1       
     solimp         0.9       0.95      0.001     0.5       2       
     dist          -4.3e-05 
     includemargin  0       
     pos            63        45        55      
     frame          0.38     -0.86      0.34     -0.14      0.31      0.94     -0.92     -0.4       0       
     friction       1         1         0.005     0.0001    0.0001  
     mu             1       
     force          1.6      -1         0.29      0         0         0       

EFC_TYPE
  6
  6
  6
  6
  6
  6
  6
  6
  6
  6
  6
  6
  6
  6
  6
  6

EFC_ID
  0
  0
  0
  0
  1
  1
  1
  1
  2
  2
  2
  2
  3
  3
  3
  3

EFC_J
   0         0         0         0         0         0        -0.0022   -0.0043    0         0         0       
   0         0         0         0         0         0        -0.001     0.0043    0         0         0       
   0         0         0         0         0         0        -0.0023    0.00055   0         0         0       
   0         0         0         0         0         0        -0.0009   -0.00055   0         0         0       
   0         0         0         0         0         0         0.002    -0.013     0         0         0       
   0         0         0         0         0         0        -0.0063    0.014     0         0         0       
   0         0         0         0         0         0        -0.0014   -0.0017    0         0         0       
   0         0         0         0         0         0        -0.0029    0.0028    0         0         0       
   0         0         0         0         0         0         0         0         0.0033   -0.0036    0       
   0         0         0         0         0         0         0         0         0.0015    0.0035    0       
   0         0         0         0         0         0         0         0         0.0014   -0.0021    0       
   0         0         0         0         0         0         0         0         0.0034    0.002     0       
   0         0         0         0         0         0         0         0        -0.0026   -0.0088    0       
   0         0         0         0         0         0         0         0         0.0056    0.018     0       
   0         0         0         0         0         0         0         0         0.0022    0.007     0       
   0         0         0         0         0         0         0         0         0.00071   0.002     0       

IEFC_J
   0         0         0         0         0         0        -0.0022   -0.0043    0         0         0       
   0         0         0         0         0         0        -0.001     0.0043    0         0         0       
   0         0         0         0         0         0        -0.0023    0.00055   0         0         0       
   0         0         0         0         0         0        -0.0009   -0.00055   0         0         0       
   0         0         0         0         0         0         0.002    -0.013     0         0         0       
   0         0         0         0         0         0        -0.0063    0.014     0         0         0       
   0         0         0         0         0         0        -0.0014   -0.0017    0         0         0       
   0         0         0         0         0         0        -0.0029    0.0028    0         0         0       
   0         0         0         0         0         0         0         0         0.0033   -0.0036    0       
   0         0         0         0         0         0         0         0         0.0015    0.0035    0       
   0         0         0         0         0         0         0         0         0.0014   -0.0021    0       
   0         0         0         0         0         0         0         0         0.0034    0.002     0       
   0         0         0         0         0         0         0         0        -0.0026   -0.0088    0       
   0         0         0         0         0         0         0         0         0.0056    0.018     0       
   0         0         0         0         0         0         0         0         0.0022    0.007     0       
   0         0         0         0         0         0         0         0         0.00071   0.002     0       

EFC_POS
  -0.0041  
  -0.0041  
  -0.0041  
  -0.0041  
  -2e-05   
  -2e-05   
  -2e-05   
  -2e-05   
  -0.0045  
  -0.0045  
  -0.0045  
  -0.0045  
  -4.3e-05 
  -4.3e-05 
  -4.3e-05 
  -4.3e-05 

EFC_MARGIN
   0       
   0       
   0       
   0       
   0       
   0       
   0       
   0       
   0       
   0       
   0       
   0       
   0       
   0       
   0       
   0       

EFC_FRICTIONLOSS
   0       
   0       
   0       
   0       
   0       
   0       
   0       
   0       
   0       
   0       
   0       
   0       
   0       
   0       
   0       
   0       

EFC_DIAGAPPROX
   39      
   39      
   39      
   39      
   90      
   90      
   90      
   90      
   39      
   39      
   39      
   39      
   90      
   90      
   90      
   90      

EFC_KBIP
   2.8e+03   1.1e+02   0.95      0       
   2.8e+03   1.1e+02   0.95      0       
   2.8e+03   1.1e+02   0.95      0       
   2.8e+03   1.1e+02   0.95      0       
   2.8e+03   1.1e+02   0.9      -4       
   2.8e+03   1.1e+02   0.9      -4       
   2.8e+03   1.1e+02   0.9      -4       
   2.8e+03   1.1e+02   0.9      -4       
   2.8e+03   1.1e+02   0.95      0       
   2.8e+03   1.1e+02   0.95      0       
   2.8e+03   1.1e+02   0.95      0       
   2.8e+03   1.1e+02   0.95      0       
   2.8e+03   1.1e+02   0.9      -8.6     
   2.8e+03   1.1e+02   0.9      -8.6     
   2.8e+03   1.1e+02   0.9      -8.6     
   2.8e+03   1.1e+02   0.9      -8.6     

EFC_D
   0.49    
   0.49    
   0.49    
   0.49    
   0.1     
   0.1     
   0.1     
   0.1     
   0.49    
   0.49    
   0.49    
   0.49    
   0.1     
   0.1     
   0.1     
   0.1     

EFC_R
   2       
   2       
   2       
   2       
   10      
   10      
   10      
   10      
   2       
   2       
   2       
   2       
   10      
   10      
   10      
   10      

ACTUATOR_VELOCITY
  -10      
  -8.3     
   12      
  -6.1     
   15      

CVEL
   0         0         0         0         0         0       
   0         0         0         0         0         0       
   0         0         0         0         0         0       
   0         0         0         0         0         0       
   0         0         0         0         0         0       
   0         0         0         0         0         0       
   0         0         0         0         0         0       
   0         0         0         0         0         0       
   0.096    -1.1      -1.3       3.8       2.2      -1.1     
  -8.3      -6.3       2.2       3.7       2.3      -0.94    
  -4.2      -13        1.1       3.9       2.3      -0.27    
  -4.2      -13        1.1       3.9       2.3      -0.27    
   9.4       4.8      -5.1       3.9       2.2      -0.86    
   13        1.2      -1.7       3.7       2.4      -0.44    
   13        1.2      -1.7       3.7       2.4      -0.44    
  -8.2       11       -3.2       2.6       0.32     -7.4     
  -8.2       11       -3.2       2.6       0.32     -7.4     

CDOF_DOT
   0         0         0         0         0         0       
   0         0         0         0         0         0       
   0         0         0         0         0         0       
  -0         0         0        -0.15      0.26      0.029   
  -0         0         0         0.66      1.2       4.3     
   0         0         0         2.5      -3.7       0.62    
   0.98     -0.98      0.91     -0.17      0.34      0.13    
  -2.7       0.026    -10        1.6      -0.73      4.2     
   0.98     -0.98      0.91     -0.19      0.33      0.14    
   0.35      8.2       8.3      -1.2       3.2       3.1     
   1.2       0.72     -0.53      0.91      1.3       4.2     

QFRC_BIAS
   0.065   
   0.034   
   2.5     
   0.012   
  -0.25    
  -0.06    
   0.045   
   0.00078 
  -0.036   
   1.4e-05 
   0.009   

QFRC_SPRING
   0       
   0       
   0       
   0       
   0       
   0       
   0       
   0       
   0       
   0       
   0       

QFRC_DAMPER
   0       
   0       
   0       
   0       
   0       
   0       
   1       
   0.41    
  -1.2     
   0.3     
  -1.5     

QFRC_GRAVCOMP
   0       
   0       
   0       
   0       
   0       
   0       
   0       
   0       
   0       
   0       
   0       

QFRC_FLUID
   2.3     
   2.7     
   3.5     
   0.17    
  -0.94    
   0.068   
   1.1     
  -0.054   
  -0.9     
  -0.055   
  -0.19    

QFRC_PASSIVE
   2.3     
   2.7     
   3.5     
   0.17    
  -0.94    
   0.068   
   2.1     
   0.36    
  -2.1     
   0.25    
  -1.7     

EFC_VEL
   0.059   
  -0.025   
   0.02    
   0.014   
   0.088   
  -0.053   
   0.028   
   0.0075  
   0.06    
  -0.0046  
   0.029   
   0.027   
   0.023   
  -0.043   
  -0.016   
  -0.0041  

EFC_AREF
   4.7     
   13      
   8.8     
   9.4     
  -9.2     
   5.6     
  -2.9     
  -0.74    
   5.6     
   12      
   8.9     
   9.1     
  -2.3     
   4.6     
   1.8     
   0.54    

SUBTREE_LINVEL
   0         0         0       
   0         0         0       
   0         0         0       
   0         0         0       
   0         0         0       
   0         0         0       
   0         0         0       
   0         0         0       
   0         0         0       
   0         0         0       
   0         0         0       
   0         0         0       
   0         0         0       
   0         0         0       
   0         0         0       
   0         0         0       
   0         0         0       

SUBTREE_ANGMOM
   0         0         0       
   0         0         0       
   0         0         0       
   0         0         0       
   0         0         0       
   0         0         0       
   0         0         0       
   0         0         0       
   0         0         0       
   0         0         0       
   0         0         0       
   0         0         0       
   0         0         0       
   0         0         0       
   0         0         0       
   0         0         0       
   0         0         0       

ACTUATOR_FORCE
  -2.1     
  -0.39    
   2.1     
  -0.29    
   1.3     

QFRC_ACTUATOR
   0       
   0       
   0       
   0       
   0       
   0       
  -2.1     
  -0.39    
   2.1     
  -0.29    
   1.3     

QFRC_SMOOTH
   2.2     
   2.7     
   1       
   0.16    
  -0.7     
   0.13    
  -0.00052 
  -0.027   
   0.11    
  -0.039   
  -0.32    

QACC_SMOOTH
   14      
   24      
   55      
   3.1e+02 
   4.1e+02 
  -10      
  -5.4e+02 
  -9.1e+02 
  -54      
  -1.1e+03 
  -4.3e+03 

EFC_B
   0.4     
  -17      
  -8       
  -8.4     
   20      
  -15      
   5.2     
  -0.22    
  -1.8     
  -17      
  -6.7     
  -12      
   12      
  -25      
  -9.8     
  -2.9     

EFC_FORCE
   1.3     
   6.9     
   3.9     
   4.4     
   0       
   0.65    
   0       
   0       
   2       
   6.6     
   4       
   4.7     
   0       
   1       
   0.41    
   0.12    

EFC_STATE
  0
  1
  1
  1
  0
  1
  0
  1
  1
  1
  1
  1
  0
  1
  1
  1

QFRC_CONSTRAINT
   0       
   0       
   0       
   0       
   0       
   0       
  -0.027   
   0.033   
   0.044   
   0.039   
   0       

QFRC_INVERSE
   0       
   0       
   0       
   0       
   0       
   0       
   0       
   0       
   0       
   0       
   0       

CACC
   0         0         0         0         0         0       
   0         0         0         0         0         0       
   0         0         0         0         0         0       
   0         0         0         0         0         0       
   0         0         0         0         0         0       
   0         0         0         0         0         0       
   0         0         0         0         0         0       
   0         0         0         0         0         0       
   0         0         0         0         0         0       
   0         0         0         0         0         0       
   0         0         0         0         0         0       
   0         0         0         0         0         0       
   0         0         0         0         0         0       
   0         0         0         0         0         0       
   0         0         0         0         0         0       
   0         0         0         0         0         0       
   0         0         0         0         0         0       

CFRC_INT
   0         0         0         0         0         0       
   0         0         0         0         0         0       
   0         0         0         0         0         0       
   0         0         0         0         0         0       
   0         0         0         0         0         0       
   0         0         0         0         0         0       
   0         0         0         0         0         0       
   0         0         0         0         0         0       
   0         0         0         0         0         0       
   0         0         0         0         0         0       
   0         0         0         0         0         0       
   0         0         0         0         0         0       
   0         0         0         0         0         0       
   0         0         0         0         0         0       
   0         0         0         0         0         0       
   0         0         0         0         0         0       
   0         0         0         0         0         0       

CFRC_EXT
   0         0         0         0         0         0       
   0         0         0         0         0         0       
   0         0         0         0         0         0       
   0         0         0         0         0         0       
   0         0         0         0         0         0       
   0         0         0         0         0         0       
   0         0         0         0         0         0       
   0         0         0         0         0         0       
   0         0         0         0         0         0       
   0         0         0         0         0         0       
   0         0         0         0         0         0       
   0         0         0         0         0         0       
   0         0         0         0         0         0       
   0         0         0         0         0         0       
   0         0         0         0         0         0       
   0         0         0         0         0         0       
   0         0         0         0         0         0       

TREE_ISLAND
  0

ISLAND_NTREE
  1

ISLAND_ITREEADR
  0

MAP_ITREE2TREE
  0

DOF_ISLAND            0 0 0 0 0 0 0 0 0 0 0

ISLAND_NV             11

ISLAND_IDOFADR        0

MAP_IDOF2DOF          0 1 2 3 4 5 6 7 8 9 10

EFC_ISLAND            0 0 0 0 0 0 0 0 0 0 0 0 0 0 0 0

ISLAND_NEFC           16

ISLAND_IEFCADR        0

MAP_IEFC2EFC          0 1 2 3 4 5 6 7 8 9 10 11 12 13 14 15

